00
00
00
00
00
00
00
00
00
00
00
00
00
00
00
00
00
00
00
00
00
00
00
00
00
00
00
00
00
00
00
00
00
00
00
00
00
00
00
00
00
00
00
00
00
00
00
00
00
00
00
00
00
00
00
00
00
00
00
00
00
00
00
00
00
00
00
00
00
00
00
00
00
00
00
00
00
00
00
00
00
00
00
00
00
00
00
00
00
00
00
00
00
00
01
01
02
03
04
05
05
04
03
02
02
01
00
00
00
00
00
00
00
00
00
00
00
00
00
01
01
04
07
0E
19
27
35
3F
42
3D
32
24
16
0B
04
01
00
00
00
00
00
00
00
00
00
00
01
02
05
0C
18
2C
45
63
7D
90
96
8D
76
59
39
20
0D
04
01
00
00
00
00
00
00
00
00
01
02
05
0D
1C
34
53
75
95
AD
BC
C0
BC
AB
8B
65
3E
1F
0A
01
00
00
00
00
00
00
00
00
01
03
0B
1A
34
55
7A
99
AD
B9
BC
BE
C0
BD
AB
8A
5F
36
15
04
00
00
00
00
00
00
00
00
02
07
15
2E
50
76
97
A9
AD
A7
9E
9A
9E
A9
AE
A1
7C
4E
23
07
00
00
00
00
00
00
00
00
03
0E
25
47
6F
92
A6
A7
99
83
70
66
6B
82
9C
A5
91
66
32
0C
00
00
00
00
00
00
00
01
07
19
3A
62
8A
A2
A6
93
75
58
41
37
3F
5A
82
9F
9D
7A
42
11
00
00
00
00
00
00
00
02
0D
29
52
7D
9E
A6
95
71
4E
31
20
1B
25
40
6D
96
A1
85
4F
17
01
00
00
00
00
00
00
03
16
3C
6B
93
A7
9D
78
4D
2B
17
0E
0E
18
33
61
8D
A0
8A
57
1C
01
00
00
00
00
00
00
05
23
52
83
A2
A5
87
57
2D
14
0A
07
08
14
31
5D
8A
9E
89
58
1F
01
00
00
00
00
00
00
09
32
67
96
A9
99
6D
3A
18
09
05
04
07
17
37
64
8E
9B
83
54
1F
01
00
00
00
00
00
00
0E
42
79
A2
A8
89
54
25
0D
05
03
05
0C
22
46
73
94
96
79
4A
1A
01
00
00
00
00
00
00
13
4F
86
A8
A2
78
41
1A
09
04
04
09
18
36
5F
86
99
8D
69
3B
13
01
00
00
00
00
00
00
18
57
8D
AA
9D
6F
39
17
0A
08
0C
19
31
56
7D
96
97
7C
54
2A
0C
01
00
00
00
00
00
00
1A
57
8C
AA
A0
74
42
22
16
18
23
3A
5A
7C
96
9C
88
63
3C
1A
07
00
00
00
00
00
00
00
18
4E
84
A8
A9
8B
61
44
3A
3F
51
6A
87
9C
A1
8F
6D
48
25
0D
03
00
00
00
00
00
00
00
12
3E
73
9F
B3
AD
96
80
77
7B
8A
9C
A7
A6
91
70
4C
2B
12
05
01
00
00
00
00
00
00
00
0B
29
56
87
AD
C2
C4
BC
B6
B4
B6
B5
A8
8E
6C
49
2A
13
07
02
00
00
00
00
00
00
00
00
04
14
33
5B
87
AB
C1
CA
C9
C2
B4
9C
7E
5C
3C
22
10
06
02
00
00
00
00
00
00
00
00
00
01
06
12
28
46
65
80
90
93
87
72
57
3C
25
14
09
03
01
00
00
00
00
00
00
00
00
00
00
00
01
02
06
0C
15
1D
23
25
22
1C
14
0C
07
03
01
00
00
00
00
00
00
00
00
00
00
00
00
00
00
00
00
00
00
00
01
00
00
00
00
00
00
00
00
00
00
00
00
00
00
00
00
00
00
00
00
00
00
00
00
00
00
00
00
00
00
00
00
00
00
00
00
00
00
00
00
00
00
00
00
00
00
00
00
00
00
00
00
00
00
00
00
00
00
00
00
00
00
00
00
00
00
00
00
00
00
00
00
00
00
00
00
00
00
00
00
00
00
00
00
00
00
00
00
00
00
00
00
00
00
00
00
00
00
00
00
00
00
00
00
00
00
00
00
00
00
00
00
00
00
00
00
00
00
00
00
00
00
00
00
00
00
00
00
00
00
00
00
00
00
00
00
00
00
00
00
00
00
00
00
00
00
00
00
00
00
00
00
00
00
00
00
00
00
00
00
00
00
00
00
00
00
00
00
00
01
02
02
02
01
01
01
00
00
00
00
00
00
00
00
00
00
00
00
00
00
00
00
00
01
02
05
0E
1B
27
2D
2C
29
23
1C
13
0A
04
01
00
00
00
00
00
00
00
00
00
00
00
00
00
01
04
0B
1B
34
4C
59
59
51
44
34
22
12
07
03
01
00
00
00
00
00
00
00
00
00
00
00
01
01
04
0C
1F
3F
5E
70
70
64
51
39
23
11
07
02
01
00
00
00
00
00
00
00
00
00
00
00
01
01
04
0B
20
44
6A
81
80
6D
51
34
1C
0C
04
01
00
00
00
00
00
00
00
00
00
00
00
00
01
01
03
0A
1F
48
78
96
8E
70
4A
28
11
06
02
01
00
00
00
00
00
00
00
00
00
00
00
01
01
01
03
09
1E
4E
8A
AD
99
6A
3C
1B
09
03
01
00
00
00
00
00
00
00
00
00
00
00
00
00
01
01
03
08
1D
56
A2
C5
9B
5B
2A
0E
04
01
00
00
00
00
00
00
00
00
00
00
00
00
00
00
01
01
03
07
1D
64
C2
D6
93
45
18
06
01
00
00
00
00
00
00
00
00
00
00
00
00
00
00
00
01
01
03
06
20
7E
E0
DB
80
2C
0A
02
00
00
00
00
00
00
00
00
00
00
00
00
00
00
00
00
01
01
02
07
2A
A2
F2
D6
63
16
03
01
00
00
00
00
00
00
00
00
00
00
00
00
00
00
00
00
01
01
02
0B
41
C2
F6
C4
43
0A
01
00
00
00
00
00
00
00
00
00
00
00
00
00
00
00
00
00
01
01
04
17
62
D3
F2
A6
2B
05
01
00
00
00
00
00
00
00
00
00
00
00
00
00
00
00
00
00
01
03
0C
2E
7E
D7
E0
82
20
04
01
00
00
00
00
00
00
00
00
00
00
00
00
00
00
00
00
00
02
07
1B
48
90
D0
C2
68
1D
05
01
01
00
00
00
00
00
00
00
00
00
00
00
00
00
00
00
01
05
11
2D
5E
97
BF
A3
5A
1F
07
02
01
01
01
00
00
00
00
00
00
00
00
00
00
00
00
01
04
0C
1F
41
6C
94
A8
8B
53
22
0A
04
02
01
01
01
00
00
00
00
00
00
00
00
00
00
01
03
09
16
2F
50
72
8A
92
7B
50
27
0E
06
03
02
01
01
00
00
00
00
00
00
00
00
00
00
02
06
0E
20
3A
58
70
7D
7F
70
4F
2B
11
07
03
02
01
00
00
00
00
00
00
00
00
00
00
01
03
08
12
26
3E
56
65
6C
6C
64
4A
2B
12
07
03
01
01
00
00
00
00
00
00
00
00
00
00
01
03
07
10
20
34
44
4D
4F
50
4B
39
20
0D
04
01
01
00
00
00
00
00
00
00
00
00
00
00
00
01
02
04
08
0E
12
14
15
16
16
10
08
03
01
00
00
00
00
00
00
00
00
00
00
00
00
00
00
00
00
00
00
00
00
00
01
01
01
00
00
00
00
00
00
00
00
00
00
00
00
00
00
00
00
00
00
00
00
00
00
00
00
00
00
00
00
00
00
00
00
00
00
00
00
00
00
00
00
00
00
00
00
00
00
00
00
00
00
00
00
00
00
00
00
00
00
00
00
00
00
00
00
00
00
00
00
00
00
00
00
00
00
00
00
00
00
00
00
00
00
00
00
00
00
00
00
00
00
00
00
00
00
00
00
00
00
00
00
00
00
00
00
00
00
00
00
00
00
00
00
00
00
00
00
00
00
00
00
00
00
00
00
00
00
00
00
00
00
00
00
00
01
01
02
03
03
04
04
04
03
02
01
00
00
00
00
00
00
00
00
00
00
00
00
00
00
00
01
03
06
0C
12
1A
21
27
29
29
24
1C
12
0B
05
02
01
00
00
00
00
00
00
00
00
00
00
02
05
0B
15
24
36
4B
5E
6E
76
74
6B
56
3E
29
17
0A
03
01
00
00
00
00
00
00
00
00
01
04
0C
19
2C
43
5D
76
8C
9C
A4
A5
9B
87
68
48
2C
17
09
02
00
00
00
00
00
00
00
00
02
07
13
27
3E
57
6F
84
91
9A
9F
A2
A0
95
7E
5E
3E
23
0E
03
00
00
00
00
00
00
00
00
03
0A
19
2D
42
57
68
74
78
79
7B
80
88
8B
82
6A
4A
2C
14
05
00
00
00
00
00
00
00
00
03
0B
1A
2A
3A
47
51
55
54
51
53
5D
6E
7F
82
70
51
31
17
05
00
00
00
00
00
00
00
00
03
0A
16
21
2A
31
36
36
32
30
33
44
5F
79
82
73
52
31
16
05
00
00
00
00
00
00
00
00
02
07
0F
15
1A
1E
1F
1E
1B
1B
24
3C
5D
7B
84
73
50
2D
13
05
00
00
00
00
00
00
00
00
01
05
08
0B
0E
10
10
10
10
15
25
43
66
80
83
6F
4A
26
0F
04
01
00
00
00
00
00
00
00
01
03
04
06
09
0B
0C
0E
13
1E
35
54
72
84
80
66
3F
1E
0B
03
01
01
00
00
00
00
00
00
01
02
04
07
0C
10
16
1E
29
3A
52
6B
80
87
79
59
34
17
09
04
03
01
00
00
00
00
00
00
01
03
09
12
1C
27
34
43
52
65
78
88
8F
87
70
4D
2B
14
0A
06
04
02
01
00
00
00
00
01
03
0A
17
28
39
4B
5E
70
82
93
9E
A0
97
85
67
45
29
18
10
0B
08
04
01
00
00
00
00
02
08
17
2D
45
5B
70
80
91
A2
AD
B0
AA
9B
82
65
48
32
24
1B
15
0E
07
02
00
00
00
00
04
10
27
45
5F
74
82
8E
9C
A7
AF
AE
A6
97
82
6B
55
44
36
2B
20
16
0B
02
00
00
00
00
06
19
36
56
71
81
8C
97
A0
A7
AB
A7
9F
93
86
77
67
59
4B
3C
2D
1C
0B
01
00
00
00
00
08
1E
3E
61
7D
91
9E
A6
AA
AB
A6
9C
93
8A
83
7D
73
68
59
46
31
1B
0A
01
00
00
00
00
09
1E
3C
60
81
9B
AC
B0
AE
A4
96
87
7B
76
74
75
70
65
54
3F
2A
16
07
01
00
00
00
01
07
17
30
50
70
8C
9E
9F
97
87
74
65
5B
58
59
5A
58
4E
3F
2D
1D
0E
04
00
00
00
00
00
03
0C
1C
32
4A
5F
6B
6C
64
56
47
3C
35
34
35
36
34
2D
24
19
0F
07
01
00
00
00
00
00
01
03
08
10
1A
23
28
28
25
20
1B
17
15
14
14
13
12
10
0D
09
05
02
00
00
00
00
00
00
00
00
01
01
02
03
04
04
04
05
05
04
04
04
04
03
03
02
02
02
01
00
00
00
00
00
00
00
00
00
00
00
00
00
00
00
00
00
00
00
00
00
00
00
00
00
00
00
00
00
00
00
00
00
00
00
00
00
00
00
00
00
00
00
00
00
00
00
00
00
00
00
00
00
00
00
00
00
00
00
00
00
00
00
00
00
00
00
00
00
00
00
00
00
00
00
00
00
00
00
00
00
00
00
00
00
00
00
00
00
00
00
00
00
00
00
00
00
00
00
00
00
00
00
00
00
00
00
00
00
00
00
00
00
00
00
00
00
00
00
00
00
00
00
00
00
00
00
00
00
00
00
00
00
00
00
00
00
00
00
00
00
00
00
00
00
00
00
00
00
00
00
00
00
00
00
00
00
00
00
00
00
00
00
00
00
00
00
00
00
00
00
00
00
00
00
00
00
00
00
00
01
01
02
04
05
06
07
06
05
04
03
02
01
00
00
00
00
00
00
00
00
00
00
00
00
01
03
08
0E
17
23
2F
38
3F
40
3C
33
26
1B
11
08
03
01
00
00
00
00
00
00
00
00
00
02
07
10
1D
30
47
62
7A
8E
9C
9F
98
87
6B
4E
34
1E
0E
04
01
00
00
00
00
00
00
00
01
06
0F
1F
35
51
6F
8B
A0
AF
B9
BE
BE
B4
9B
7A
57
36
1C
0A
02
00
00
00
00
00
00
00
02
0A
15
27
3E
56
6D
7D
87
8B
8F
96
A0
A6
9E
87
68
45
25
0E
03
00
00
00
00
00
00
00
03
0A
14
22
32
40
4B
51
51
4F
52
5D
73
89
92
86
6A
47
26
0E
03
00
00
00
00
00
00
00
02
07
0E
17
1E
24
28
29
29
2B
34
4A
6B
87
92
84
63
3E
1F
0B
02
00
00
00
00
00
00
00
02
04
07
0B
0F
11
14
18
20
2E
46
67
88
9D
98
7A
52
2E
14
06
01
00
00
00
00
00
00
00
01
02
04
05
07
0B
14
24
3B
5B
7D
9C
AF
AE
95
69
3E
1E
0B
03
00
00
00
00
00
00
00
00
00
01
02
03
07
11
26
47
6F
95
B3
C5
C6
B5
91
61
37
18
08
02
00
00
00
00
00
00
00
00
00
01
01
04
0A
1B
3A
65
90
B2
C4
C7
BF
B1
95
6E
44
21
0D
03
01
00
00
00
00
00
00
00
00
01
02
04
0C
1E
3E
63
85
9A
A0
A0
9D
9C
97
83
5F
36
18
08
02
00
00
00
00
00
00
00
01
02
03
05
0B
17
2D
46
58
60
62
63
69
79
8B
8E
75
4C
26
0F
04
00
00
00
00
00
00
01
02
04
06
07
0A
10
19
22
29
2A
2C
31
3E
58
7B
8F
80
5A
32
16
07
01
00
00
00
00
00
01
04
08
0B
0D
0E
0F
0F
10
10
11
13
19
2B
4A
73
8C
83
5E
38
1A
09
01
00
00
00
00
00
01
07
0F
15
19
1A
18
13
10
0D
0C
0F
17
2E
53
7A
8E
82
5D
38
1B
08
01
00
00
00
00
00
02
0A
16
23
2B
2E
2D
26
1F
19
18
1D
2C
48
6E
8C
91
7C
56
33
17
06
01
00
00
00
00
00
03
0C
1C
2E
3E
49
4F
4B
43
3C
3C
46
5B
77
92
9C
8F
6D
47
27
0F
04
00
00
00
00
00
00
02
0B
1A
2F
49
60
72
7A
7B
79
7D
87
97
A6
A9
99
79
53
30
17
07
01
00
00
00
00
00
00
02
07
13
25
40
60
7F
98
A8
B1
B7
BA
B8
AE
97
75
50
30
18
0A
03
00
00
00
00
00
00
00
01
03
0A
15
28
42
5F
7C
95
A5
A9
A4
92
79
5A
3D
25
13
08
02
01
00
00
00
00
00
00
00
00
01
03
08
0F
19
26
34
41
49
4B
46
3B
2C
1E
12
09
04
01
01
00
00
00
00
00
00
00
00
00
00
00
01
02
03
05
06
08
09
09
09
07
06
04
02
01
01
00
00
00
00
00
00
00
00
00
00
00
00
00
00
00
00
00
00
00
00
00
00
00
00
00
00
00
00
00
00
00
00
00
00
00
00
00
00
00
00
00
00
00
00
00
00
00
00
00
00
00
00
00
00
00
00
00
00
00
00
00
00
00
00
00
00
00
00
00
00
00
00
00
00
00
00
00
00
00
00
00
00
00
00
00
00
00
00
00
00
00
00
00
00
00
00
00
00
00
00
00
00
00
00
00
00
00
00
00
00
00
00
00
00
00
00
00
00
00
00
00
00
00
00
00
00
00
00
00
00
00
00
00
00
00
00
00
00
00
00
00
00
00
00
00
00
00
00
00
00
00
00
00
00
00
00
00
00
00
00
00
00
01
01
01
01
01
01
02
01
01
00
00
00
00
00
00
00
00
00
00
00
00
01
01
02
03
04
04
04
04
04
06
08
0A
0C
0D
0B
08
05
02
00
00
00
00
00
00
00
00
01
03
05
08
0D
10
13
13
11
0F
10
16
1E
26
28
26
20
19
11
07
01
00
00
00
00
00
00
01
03
07
0C
14
1E
27
2B
2A
24
1C
1B
25
35
42
45
3E
33
26
19
0B
02
00
00
00
00
00
00
02
05
0B
14
22
32
3F
43
3F
33
26
23
30
47
5A
5C
4F
3D
2B
19
0A
02
00
00
00
00
00
01
03
07
0E
1C
2F
47
56
59
50
3D
2A
24
36
56
6E
6D
59
3F
27
13
07
02
00
00
00
00
00
01
03
08
12
25
3F
5B
6C
6B
59
3D
24
22
3D
67
81
79
5B
39
1F
0C
03
01
00
00
00
00
00
01
04
0A
17
30
51
72
7F
73
55
30
19
20
47
7C
92
7F
55
2E
14
06
02
00
00
00
00
00
00
01
04
0D
1E
3E
67
88
8D
71
44
1E
11
25
5B
93
9E
7D
4A
23
0D
04
01
00
00
00
00
00
00
01
05
10
29
52
81
9E
92
65
35
1A
19
38
79
AA
A4
74
3F
1D
0B
04
02
00
00
00
00
00
00
01
06
15
37
69
9A
AE
97
66
40
32
3B
62
9F
BF
A6
70
3F
20
0F
07
03
01
00
00
00
00
00
01
08
1C
47
7D
AC
BB
A6
84
70
6C
78
9B
C4
CD
AB
76
48
28
16
0C
04
01
00
00
00
00
00
02
09
22
4D
7F
AA
BB
B5
A9
A2
A2
AD
C4
D7
D0
A8
75
49
2B
19
0D
05
01
00
00
00
00
00
01
08
1F
43
69
8A
9B
9F
9E
9E
A3
B3
C8
D1
BD
92
60
3B
22
13
09
04
01
00
00
00
00
00
01
05
15
2C
43
53
5E
63
65
6A
79
95
AF
B2
97
6C
41
25
14
0A
05
02
00
00
00
00
00
00
00
03
0B
15
1F
25
28
2B
31
3E
59
7A
90
8F
73
4D
2C
17
0B
05
02
01
00
00
00
00
00
00
00
01
04
08
0A
0C
0E
12
1D
32
50
6C
7A
75
5E
3E
23
12
09
04
01
00
00
00
00
00
00
00
00
00
01
02
03
05
08
0F
1F
37
50
62
6A
64
52
38
21
12
09
04
01
00
00
00
00
00
00
00
00
00
00
01
02
04
0A
15
27
3D
4F
59
5E
58
49
34
21
12
09
04
02
01
00
00
00
00
00
00
00
00
00
01
02
06
0D
1B
2C
3E
49
50
53
4E
43
31
21
13
0A
05
02
01
00
00
00
00
00
00
00
00
00
01
03
07
0F
1B
2A
37
3E
44
46
42
39
2B
1E
12
09
04
02
00
00
00
00
00
00
00
00
00
00
01
02
06
0B
13
1D
23
27
2B
2C
29
23
1B
12
0B
05
02
01
00
00
00
00
00
00
00
00
00
00
00
01
02
04
06
07
09
0B
0C
0C
0A
08
06
03
02
01
00
00
00
00
00
00
00
00
00
00
00
00
00
00
00
00
00
00
00
00
00
00
00
00
00
00
00
00
00
00
00
00
00
00
00
00
00
00
00
00
00
00
00
00
00
00
00
00
00
00
00
00
00
00
00
00
00
00
00
00
00
00
00
00
00
00
00
00
00
00
00
00
00
00
00
00
00
00
00
00
00
00
00
00
00
00
00
00
00
00
00
00
00
00
00
00
00
00
00
00
00
00
00
00
00
00
00
00
00
00
00
00
00
00
00
00
00
00
00
00
00
00
00
00
00
00
00
00
00
00
00
00
00
00
00
00
00
00
00
00
00
00
00
00
00
00
00
00
00
00
00
00
00
00
00
00
00
00
01
01
02
03
03
03
03
03
03
02
01
01
00
00
00
00
00
00
00
00
00
00
00
01
01
03
06
0A
0D
11
15
19
1B
1C
1B
18
15
12
0F
0A
05
01
00
00
00
00
00
00
00
00
02
04
08
0F
1A
26
32
3E
47
4D
50
52
4F
4A
43
39
2E
21
13
06
01
00
00
00
00
00
00
01
04
09
12
20
34
49
5E
6E
7A
7E
7F
7F
7A
72
67
59
4A
38
23
0E
03
00
00
00
00
00
00
02
06
0F
1D
32
4C
67
7B
88
8D
8C
8B
87
81
78
6C
60
51
42
2D
14
04
00
00
00
00
00
00
02
08
14
28
41
5D
77
85
87
83
7C
76
70
69
61
59
50
45
3A
2A
14
04
00
00
00
00
00
00
03
0B
1A
33
4F
6D
83
86
7C
6C
5E
54
4D
46
3F
38
33
2D
25
1C
0D
02
00
00
00
00
00
01
04
0D
20
3D
60
7F
8F
87
70
59
47
3A
30
28
21
1B
17
14
11
0D
06
01
00
00
00
00
00
01
05
10
26
49
73
94
9E
8D
70
55
43
36
29
1C
13
0C
08
06
05
04
02
01
00
00
00
00
00
01
06
13
2C
55
84
A8
AE
9A
7E
67
57
49
39
29
19
0D
06
03
02
01
00
00
00
00
00
00
00
01
06
13
2E
57
88
AA
AE
9F
8C
7B
6D
60
52
41
2B
18
0B
05
02
00
00
00
00
00
00
00
00
01
06
11
26
4A
74
8F
94
8D
83
7A
72
6A
61
53
3D
26
13
09
03
01
00
00
00
00
00
00
00
01
05
0D
1B
33
4D
5F
63
62
60
61
63
66
66
5E
4B
31
1B
0E
05
01
00
00
00
00
00
00
00
02
07
0E
15
1E
29
31
34
37
3C
47
52
5D
65
64
53
3A
22
12
07
02
00
00
00
00
00
00
00
04
0D
17
1A
19
19
19
1A
1D
26
36
48
5A
66
66
57
3E
26
14
09
03
00
00
00
00
00
00
01
06
16
27
2B
25
1E
18
17
1A
25
37
4C
5F
6B
68
56
3E
26
15
09
03
00
00
00
00
00
00
01
08
1D
37
43
40
36
2C
28
2B
35
46
5A
6A
71
68
53
3B
24
13
08
02
00
00
00
00
00
00
01
07
1C
3E
57
61
5E
56
4F
4E
55
62
71
7A
77
67
4D
34
1E
10
06
01
00
00
00
00
00
00
01
05
14
34
57
71
7E
80
7E
7C
7F
85
8A
86
77
5C
3F
27
16
0A
04
01
00
00
00
00
00
00
00
03
0B
20
40
61
7D
8F
98
9B
9B
98
8F
7D
61
45
2B
18
0C
05
02
00
00
00
00
00
00
00
00
01
05
10
23
3C
57
6F
80
88
86
7D
6A
53
39
23
14
0A
04
02
01
00
00
00
00
00
00
00
00
00
01
05
0C
17
25
32
3D
43
41
38
2B
1D
13
0B
06
03
01
01
00
00
00
00
00
00
00
00
00
00
00
01
02
04
07
09
0B
0B
0B
08
06
04
03
02
01
00
00
00
00
00
00
00
00
00
00
00
00
00
00
00
00
00
00
01
01
01
01
01
01
00
00
00
00
00
00
00
00
00
00
00
00
00
00
00
00
00
00
00
00
00
00
00
00
00
00
00
00
00
00
00
00
00
00
00
00
00
00
00
00
00
00
00
00
00
00
00
00
00
00
00
00
00
00
00
00
00
00
00
00
00
00
00
00
00
00
00
00
00
00
00
00
00
00
00
00
00
01
01
01
02
02
02
01
02
01
01
01
01
00
00
00
00
00
00
00
00
00
00
00
00
00
00
01
02
04
07
0A
10
16
1C
20
22
20
1B
14
0C
06
03
01
00
00
00
00
00
00
00
00
00
00
01
02
04
09
0F
17
21
2F
3F
4C
51
4E
43
31
1E
10
07
03
01
00
00
00
00
00
00
00
00
01
01
03
07
0E
17
22
32
46
5A
68
6C
63
50
38
21
12
08
03
01
00
00
00
00
00
00
00
00
01
02
05
0A
13
1F
2E
44
5B
6E
75
6F
5C
43
2B
18
0D
06
03
01
00
00
00
00
00
00
00
00
01
02
07
0E
1A
28
3E
58
6D
79
75
60
45
2B
18
0D
07
04
02
01
00
00
00
00
00
00
00
00
01
03
09
13
22
36
51
6A
7B
7B
67
48
2B
16
0B
06
04
02
01
01
00
00
00
00
00
00
00
00
01
04
0C
19
2C
46
63
7A
81
72
50
2E
16
0A
06
05
03
02
01
00
00
00
00
00
00
00
00
00
01
06
11
22
39
58
75
87
7F
5E
36
1A
0D
09
09
09
07
04
02
01
00
00
00
00
00
00
00
00
02
09
16
2B
49
6C
87
8B
71
45
23
14
13
15
16
14
10
0A
05
02
00
00
00
00
00
00
00
00
03
0C
1C
37
5C
80
93
86
5D
33
21
24
2C
32
31
2A
20
15
0B
04
01
00
00
00
00
00
00
00
04
0F
23
45
6F
91
98
79
4D
36
3C
4D
5A
5E
58
4B
38
23
13
08
01
00
00
00
00
00
00
00
05
12
2C
55
82
9E
94
6D
4F
54
6D
81
89
85
79
66
4E
32
1C
0C
02
00
00
00
00
00
00
00
06
16
36
64
93
A4
8E
6A
64
7C
97
9F
99
8F
86
77
5C
3E
22
0F
03
00
00
00
00
00
00
00
06
1A
3E
71
9E
A6
8B
74
7D
95
9C
91
84
80
85
7F
66
43
25
10
04
00
00
00
00
00
00
00
07
1C
44
78
A3
A8
90
80
88
8E
80
6B
66
76
87
83
66
41
21
0E
04
00
00
00
00
00
00
00
07
1B
43
79
A5
B0
9E
8B
85
7B
67
5D
6B
87
96
84
5D
37
1A
0A
02
00
00
00
00
00
00
01
06
17
3C
70
A3
BC
B4
9C
8A
7C
75
7F
96
A6
9A
75
4A
27
11
05
01
00
00
00
00
00
00
01
04
10
2D
5D
94
C0
CB
BD
AC
A3
A7
B3
B8
A7
81
55
2F
16
08
02
00
00
00
00
00
00
00
00
02
09
1B
3E
71
A7
CA
D5
D3
D0
CC
C1
A6
7E
52
2D
15
08
03
01
00
00
00
00
00
00
00
00
01
03
0B
1D
3D
68
93
B1
BD
B8
A5
86
61
3D
21
0F
06
02
01
00
00
00
00
00
00
00
00
00
00
00
02
07
0F
1E
30
41
49
47
3B
2B
1B
0F
07
03
01
00
00
00
00
00
00
00
00
00
00
00
00
00
00
00
01
02
04
05
07
07
06
04
03
02
01
00
00
00
00
00
00
00
00
00
00
00
00
00
00
00
00
00
00
00
00
00
00
00
00
00
00
00
00
00
00
00
00
00
00
00
00
00
00
00
00
00
00
00
00
00
00
00
00
00
00
00
00
00
00
00
00
00
00
00
00
00
00
00
00
00
00
00
00
00
00
00
00
00
00
00
00
00
00
00
00
00
00
00
00
00
00
00
00
00
00
00
00
00
00
00
00
00
00
00
00
00
00
00
00
00
00
00
00
00
00
00
00
00
00
00
00
00
00
00
00
00
00
00
00
00
00
00
00
00
00
00
00
00
00
00
00
00
00
00
00
00
00
00
00
00
00
00
00
00
00
00
00
00
00
00
00
00
00
00
00
00
00
00
00
00
00
00
00
00
00
00
00
00
00
00
00
00
00
00
00
00
00
00
00
00
00
00
00
00
00
00
00
00
00
00
00
00
00
00
00
00
00
00
00
00
00
00
00
00
00
00
00
00
00
00
00
00
00
00
00
00
00
00
00
00
00
00
00
00
00
00
00
00
00
00
00
00
00
00
00
00
00
00
00
00
00
00
00
00
00
00
00
00
00
00
00
00
00
00
00
00
00
00
00
00
00
01
01
02
02
02
02
03
02
02
02
02
01
01
00
00
00
00
00
00
00
00
00
00
00
00
00
01
03
06
09
0E
12
17
19
1B
1C
1C
1C
1B
19
14
0F
09
06
03
01
00
00
00
00
00
00
01
03
07
0F
1B
28
37
46
53
5D
64
69
6C
6F
70
6C
60
4D
36
1F
0F
06
01
00
00
00
00
00
03
09
12
22
36
4F
69
82
97
A6
AF
B4
B7
B9
BA
B6
A6
87
5D
37
1B
0A
02
00
00
00
00
01
05
0D
1A
2E
47
65
82
9C
AE
B7
B8
B4
B2
B4
BD
C4
BD
9F
6F
42
1F
0B
02
00
00
00
00
01
05
0D
1A
2C
44
5E
77
89
90
8C
80
75
70
77
8F
AD
B8
A0
6F
3E
1C
08
01
00
00
00
00
01
04
09
14
21
34
48
5B
65
61
52
40
35
33
42
6B
9D
B2
97
63
32
14
05
01
00
00
00
00
00
02
06
0C
17
24
35
43
45
3A
28
18
12
17
32
6B
A4
AF
88
50
23
0C
03
00
00
00
00
00
00
01
03
08
10
1A
26
2E
2C
20
11
09
08
15
3E
83
B2
A7
74
3B
18
08
02
01
00
00
00
00
00
00
02
05
0B
12
1A
1E
1A
12
0B
08
0C
22
5E
A2
BA
9A
5E
2C
12
07
03
01
00
00
00
00
00
00
01
03
07
0D
12
13
12
0F
0E
10
1A
40
85
B7
B6
84
49
22
10
08
03
01
00
00
00
00
00
00
01
02
05
08
0B
0D
0F
11
13
1A
2F
65
A4
BD
A0
66
36
19
0C
06
03
01
00
00
00
00
00
00
00
01
03
05
07
09
0C
0F
15
23
49
86
B2
AF
80
4A
23
10
08
04
02
01
00
00
00
00
00
00
00
01
01
02
03
05
08
0C
17
32
65
99
AE
93
60
33
16
0A
04
02
01
00
00
00
00
00
00
00
00
00
01
01
02
03
06
0E
21
48
7A
9F
9B
73
45
22
0F
06
02
01
00
00
00
00
00
00
00
00
00
00
00
00
01
04
09
18
35
5F
87
97
82
5A
34
19
0A
04
01
01
00
00
00
00
00
00
00
00
00
00
00
01
03
07
13
28
4B
70
87
85
6B
49
29
14
08
03
01
00
00
00
00
00
00
00
00
00
00
00
01
02
06
10
21
3B
5B
75
7E
74
5A
3C
23
11
07
03
01
00
00
00
00
00
00
00
00
00
00
01
02
05
0C
19
2E
49
63
72
72
64
4D
33
1F
0F
07
03
01
00
00
00
00
00
00
00
00
00
00
01
03
08
12
21
36
4E
60
67
63
55
41
2D
1B
0E
06
03
01
00
00
00
00
00
00
00
00
00
00
01
03
08
12
22
33
44
50
53
4E
43
34
24
16
0C
06
02
01
00
00
00
00
00
00
00
00
00
00
00
01
04
0A
13
1B
24
2B
2D
2B
26
1D
15
0D
08
04
01
01
00
00
00
00
00
00
00
00
00
00
00
00
00
01
01
02
03
04
05
05
06
05
04
03
02
01
00
00
00
00
00
00
00
00
00
00
00
00
00
00
00
00
00
00
00
00
00
00
00
00
00
00
00
00
00
00
00
00
00
00
00
00
00
00
00
00
00
00
00
00
00
00
00
00
00
00
00
00
00
00
00
00
00
00
00
00
00
00
00
00
00
00
00
00
00
00
00
00
00
00
00
00
00
00
00
00
00
00
00
00
00
00
00
00
00
00
00
00
00
00
00
00
00
00
00
00
00
00
00
00
00
00
01
01
01
01
01
00
00
00
00
00
00
00
00
00
00
00
00
00
00
00
00
00
01
02
04
07
0D
15
1C
22
22
1E
17
11
0B
06
03
01
01
00
00
00
00
00
00
00
00
00
01
02
05
0C
17
2A
43
5F
77
86
8A
80
69
4E
34
20
11
09
04
01
00
00
00
00
00
00
00
01
03
08
12
23
3C
5F
82
9F
B2
BA
B9
AF
9A
7C
5B
3C
24
14
09
03
01
00
00
00
00
00
01
02
07
12
24
3F
61
84
9E
A8
A5
A0
9B
99
97
88
6E
4F
33
1E
0E
04
01
00
00
00
00
00
01
05
0D
1C
34
55
78
90
98
8A
73
65
64
6F
80
85
74
58
3C
24
11
06
01
00
00
00
00
00
02
06
11
22
3F
62
80
8C
81
63
47
3B
46
5F
7A
85
77
5A
3C
23
10
05
01
00
00
00
00
00
02
07
12
25
42
64
80
87
74
52
38
37
4D
6E
89
89
70
4F
31
1A
0C
04
01
00
00
00
00
00
02
07
11
22
3E
60
7D
88
7C
5F
4C
53
71
8F
96
80
5C
39
20
10
07
02
01
00
00
00
00
00
01
05
0D
1B
33
54
74
8B
90
83
79
89
A0
A4
8C
64
3E
22
11
08
04
01
00
00
00
00
00
00
01
03
08
12
25
41
64
8A
A8
B0
B1
BC
B8
98
6A
40
23
12
09
04
02
01
00
00
00
00
00
00
00
01
04
0B
19
30
55
87
B5
CF
D5
CF
AE
79
47
27
15
0B
06
03
01
00
00
00
00
00
00
00
00
01
03
09
14
2C
54
8A
BD
D5
D4
BF
94
60
37
20
12
0A
06
03
01
00
00
00
00
00
00
00
00
01
04
0B
1B
38
66
99
BC
BE
B2
9E
7F
59
39
23
15
0C
07
04
01
00
00
00
00
00
00
00
00
02
07
14
2C
54
81
A3
A8
94
87
80
74
5B
40
2A
1A
0F
09
05
02
00
00
00
00
00
00
00
01
04
0D
21
43
6E
90
98
82
68
64
6D
6D
5E
48
30
1E
12
0A
05
02
00
00
00
00
00
00
00
01
07
15
30
56
7C
8D
7F
62
4E
54
65
6C
61
4D
35
21
13
0B
05
01
00
00
00
00
00
00
00
01
09
1C
3B
5F
7E
85
71
5A
50
5C
6D
72
65
50
37
22
13
0A
04
01
00
00
00
00
00
00
00
01
0A
1F
3E
61
7D
8A
83
79
78
7F
84
7D
69
4F
33
1E
0F
07
02
00
00
00
00
00
00
00
00
01
08
1B
37
59
7B
97
A8
AF
AF
A9
9A
81
62
42
27
15
0A
04
01
00
00
00
00
00
00
00
00
00
04
11
26
44
66
88
A5
B6
B6
A4
87
66
45
29
16
0B
05
02
01
00
00
00
00
00
00
00
00
00
01
05
0F
1F
33
48
5A
64
62
55
41
2D
1B
0F
08
03
01
01
00
00
00
00
00
00
00
00
00
00
00
01
01
03
05
07
08
09
09
09
07
05
03
02
01
00
00
00
00
00
00
00
00
00
00
00
00
00
00
00
00
00
00
00
00
00
00
00
00
00
00
00
00
00
00
00
00
00
00
00
00
00
00
00
00
00
00
00
00
00
00
00
00
00
00
00
00
00
00
00
00
00
00
00
00
00
00
00
00
00
00
00
00
00
00
00
00
00
00
00
00
00
00
00
00
00
00
00
00
00
00
00
00
00
00
00
00
00
00
00
00
00
00
00
00
00
00
00
00
00
00
00
00
00
00
00
00
00
00
00
00
00
00
00
00
00
00
00
00
00
00
00
00
00
00
00
00
00
00
00
00
00
00
00
00
00
00
00
00
00
00
00
00
00
00
00
00
00
00
00
00
00
00
00
00
00
00
00
00
00
00
00
00
00
00
00
00
00
00
00
00
00
00
00
00
00
00
00
00
00
00
00
00
00
01
01
01
00
00
00
00
00
00
00
00
00
00
00
00
00
00
00
00
00
00
00
00
00
01
02
04
07
09
0B
0B
0A
08
05
03
02
01
00
00
00
00
00
00
00
00
00
00
00
00
00
01
03
08
10
1F
34
4D
63
6E
69
57
3E
25
13
08
02
01
00
00
00
00
00
00
00
00
00
00
02
05
0D
1C
36
5C
86
AA
C1
C7
BD
A0
78
4E
2B
14
07
02
00
00
00
00
00
00
00
00
00
01
05
0E
21
40
6D
99
B5
BC
B4
AD
AA
A1
8B
64
3D
1F
0C
03
01
00
00
00
00
00
00
00
01
04
0C
1E
3D
6A
97
AC
9F
7F
64
5F
71
87
8A
70
48
25
0F
04
01
00
00
00
00
00
00
00
02
08
16
30
5C
8A
A3
92
64
3A
28
35
5B
85
94
7D
4F
27
0F
04
01
00
00
00
00
00
00
01
04
0D
20
43
74
99
95
67
34
1A
1D
39
6C
9D
A7
86
50
24
0D
03
01
00
00
00
00
00
00
01
06
11
27
50
81
99
80
4C
28
23
36
5E
94
BB
B4
81
44
1C
0A
03
00
00
00
00
00
00
00
01
06
13
2B
55
83
94
7A
54
44
4D
67
8F
BB
D0
B0
6F
33
14
06
02
00
00
00
00
00
00
00
01
06
12
2A
50
7C
90
86
76
74
7F
92
AE
CF
D2
9E
55
23
0D
04
01
00
00
00
00
00
00
00
01
05
0E
21
42
69
85
8C
8B
8C
8E
95
AF
CE
C4
82
3E
19
09
03
01
00
00
00
00
00
00
00
01
03
0A
16
2D
4B
66
75
79
76
72
80
A6
C3
AA
67
2E
13
07
03
01
00
00
00
00
00
00
00
00
01
05
0C
18
29
3A
46
4A
49
50
70
9F
AF
8D
52
26
10
06
02
01
00
00
00
00
00
00
00
00
01
02
06
0B
12
19
20
24
2B
42
6F
95
97
73
43
21
0F
06
03
01
00
00
00
00
00
00
00
00
00
01
02
04
06
09
0E
15
26
48
71
88
7F
5E
3A
1F
0F
06
03
01
00
00
00
00
00
00
00
00
00
01
01
02
03
05
0B
17
31
55
72
78
6A
51
34
1E
0F
06
03
01
00
00
00
00
00
00
00
00
00
01
01
02
04
08
12
25
41
5E
6C
68
5B
47
30
1C
0F
07
03
01
01
00
00
00
00
00
00
00
00
00
01
03
07
0F
1E
34
4E
5F
63
5B
51
42
2D
1C
10
08
04
02
01
00
00
00
00
00
00
00
00
01
02
05
0C
17
29
3F
51
5A
58
50
49
3D
2C
1C
11
09
04
02
01
00
00
00
00
00
00
00
00
01
03
07
0F
1B
2D
3F
4C
4F
4A
44
3F
37
29
1B
10
09
04
02
00
00
00
00
00
00
00
00
00
01
03
06
0D
18
25
31
38
39
34
2F
2D
27
1E
14
0C
06
02
01
00
00
00
00
00
00
00
00
00
00
01
01
03
06
0A
0D
10
10
0F
0D
0D
0B
08
06
04
02
00
00
00
00
00
00
00
00
00
00
00
00
00
00
00
00
00
00
00
00
00
00
00
00
00
00
00
00
00
00
00
00
00
00

